0 0.11969111969111974 0.23711340206185566 0.03861003861003864 0.23711340206185566 0.038610038610038665 0.9020618556701031 0.11969111969111977 0.9020618556701031
0 0.18146718146718152 0.2268041237113402 0.11969111969111972 0.2268041237113402 0.11969111969111974 0.9123711340206185 0.18146718146718158 0.9123711340206185
0 0.24710424710424717 0.19587628865979384 0.18146718146718147 0.1958762886597938 0.1814671814671815 0.8969072164948454 0.24710424710424722 0.8969072164948454
0 0.32046332046332054 0.11340206185567014 0.25096525096525096 0.11340206185567014 0.250965250965251 0.9020618556701031 0.3204633204633206 0.9020618556701031
0 0.4015444015444016 0.14432989690721654 0.3281853281853282 0.14432989690721654 0.32818532818532825 0.8917525773195877 0.40154440154440163 0.8917525773195877
0 0.4942084942084942 0.17525773195876296 0.416988416988417 0.17525773195876296 0.41698841698841704 0.8865979381443299 0.4942084942084942 0.8865979381443299
0 0.5675675675675675 0.1649484536082475 0.5057915057915058 0.1649484536082475 0.5057915057915058 0.8814432989690721 0.5675675675675675 0.8814432989690721
0 0.6525096525096525 0.13917525773195888 0.5907335907335908 0.13917525773195888 0.5907335907335908 0.8608247422680413 0.6525096525096525 0.8608247422680413
0 0.7335907335907336 0.15463917525773208 0.6756756756756757 0.15463917525773208 0.6756756756756757 0.865979381443299 0.7335907335907336 0.865979381443299
0 0.833976833976834 0.10309278350515477 0.7644787644787645 0.10309278350515474 0.7644787644787645 0.8711340206185567 0.833976833976834 0.8711340206185567
0 0.9459459459459459 0.12886597938144345 0.8687258687258688 0.12886597938144345 0.8687258687258688 0.8814432989690724 0.9459459459459459 0.8814432989690725