0 0.03560282389322918 0.3953900718882211 0.23939287854496277 0.3902797860864768 0.2263447799953652 1 0.04310436077050847 1
0 0.34482268204925753 0.3687943272073701 0.34547943476555587 1 0.17415247236128703 0.9923467081949229 0.17982555115986756 0.3629130990213121
0 0.47879678653219787 0.3537908571112452 0.4816333259314881 1 0.31711404077265337 0.9893060124449484 0.3222198203478071 0.3406143155361765
0 0.44198580261663334 0.31306990978082505 0.5707006457563396 0.31020689405600116 0.5729699292143595 0.9609257214647562 0.43057561674426365 0.9335590730646275
0 0.5320567246024489 0.2940729492945028 0.6484218945483429 0.29196244890090334 0.6444506701378862 0.9295047347345896 0.5292872397781522 0.9021380090043888
0 0.6157446678648603 0.2763424528406021 0.7267103127173037 0.2727043998307781 0.7227391748711599 0.8392960355440555 0.6166526186505669 0.8524726157841601
0 0.7618439586450021 0.3029381975214532 0.6773545444825156 0.3061525557259635 0.6943737808782571 0.8068614835638978 0.7868449826079821 0.7835490961637346 0.7658546083660969 0.3010846521459343
0 0.8221276465882645 0.2940729492945028 0.7437295491130452 0.2970303524809325 0.7715276871646773 0.7886169997437639 0.83847003430079 0.7470602058535387
0 0.8029787104180518 0.28014184493786654 0.8645661448356727 0.28284020699083645 0.8844219206307045 0.7622639165936266 0.814075778154031 0.7602367087635716
0 0.9072340295669878 0.3029381975214532 0.9224315312683313 0.712598446043326 0.8634315463888191 0.7257750262834305 0.8469796524986608 0.31527479763603034
0 0.938439703325853 0.2966058773593458 0.9524988662136706 0.6913132664732178 0.8923642828873048 0.6862453628931885 0.8969026766747191 0.2970303524809326
0 0.9731914763754986 0.2953394133269243 0.9252680706676216 0.3010846521459343 0.9462585314738198 0.6750959904831387 0.989373878404444 0.6497564725829929